Nordpool Electricity market price 2019 in DKK/MWh
211.48
75.20
-30.47
-74.00
-55.33
-93.72
-128.81
-112.54
-36.81
-47.27
-36.81
3.36
0.90
-0.15
0.00
-0.22
14.71
67.66
0.52
-37.11
-52.12
-119.55
-36.37
-216.03
-250.65
-342.87
-360.56
-250.88
-250.43
-132.83
-0.07
279.47
358.84
378.86
359.22
363.32
372.88
352.87
370.64
400.73
418.20
425.22
413.57
409.92
402.15
393.56
388.94
379.00
320.35
337.59
360.66
361.34
364.25
342.82
381.27
393.96
469.51
448.16
434.42
458.91
462.87
471.23
475.33
493.70
510.72
519.23
490.27
459.21
418.37
406.43
388.88
373.13
372.38
351.78
351.48
350.51
350.95
350.28
370.29
412.71
406.51
404.57
402.48
395.83
386.35
385.30
383.88
385.97
392.69
398.30
394.34
387.47
347.82
339.23
328.25
234.54
200.88
187.59
180.12
164.59
137.18
164.96
174.37
351.29
373.32
378.84
380.34
381.01
383.55
386.38
387.73
397.44
412.67
417.23
412.67
401.77
393.93
387.58
383.70
373.09
375.52
356.33
364.46
363.34
357.07
363.79
359.83
366.70
376.64
398.74
390.90
394.03
394.71
391.57
384.70
385.07
397.84
412.55
405.08
395.00
387.91
385.07
378.65
375.07
343.71
358.27
357.22
344.30
344.08
355.58
416.43
445.48
432.64
424.87
420.24
414.87
411.73
404.41
401.20
397.62
397.69
398.89
374.77
336.61
305.85
279.27
157.93
107.38
133.96
156.14
58.09
107.00
138.59
138.67
267.40
327.59
350.44
327.66
327.44
349.02
328.11
322.66
327.14
340.50
262.92
340.80
340.73
283.31
295.18
268.60
221.93
168.39
149.62
54.06
25.61
74.96
106.02
189.72
276.10
327.69
380.63
375.55
374.88
341.95
325.82
324.71
336.35
372.94
401.83
417.66
404.59
404.59
395.56
385.85
380.48
373.01
377.11
373.15
369.94
373.15
372.85
371.81
425.34
542.03
591.53
591.08
586.45
578.17
520.08
474.91
447.51
440.57
444.75
442.06
420.93
405.25
394.06
388.31
376.88
369.12
357.14
347.73
341.46
327.05
345.19
346.83
382.89
395.88
404.99
400.81
400.36
398.04
387.37
379.23
339.37
315.03
342.88
384.53
376.54
370.57
365.27
360.87
354.90
336.16
352.59
342.43
332.96
320.19
313.70
313.48
328.85
346.24
358.41
372.51
375.42
375.57
375.57
372.81
373.86
379.31
385.87
395.28
390.58
382.37
373.33
367.44
360.42
352.44
328.49
328.57
276.39
198.09
173.54
149.35
299.01
342.30
195.78
277.36
196.30
229.97
201.98
63.44
257.06
347.75
351.93
375.36
366.33
343.57
298.63
300.20
22.69
-54.34
-23.44
-89.57
-112.18
-82.78
-36.87
11.87
267.96
382.31
385.59
344.02
375.14
332.07
307.82
290.42
311.92
370.44
380.14
382.53
380.14
377.08
370.29
330.66
308.19
278.11
281.15
273.91
276.60
303.32
330.71
361.68
379.97
401.01
425.57
435.72
421.99
410.49
402.43
397.88
392.80
389.00
390.19
402.36
392.13
393.77
391.83
385.49
376.16
363.17
369.27
365.76
365.02
366.13
366.58
381.06
392.85
401.51
415.91
401.73
404.64
409.87
400.39
393.23
399.64
400.91
409.20
403.08
393.08
389.27
383.23
373.82
346.28
322.48
234.67
228.33
272.74
289.83
350.74
375.44
393.66
402.61
406.20
408.58
409.03
407.69
406.27
406.57
410.53
417.24
428.66
438.29
410.97
401.94
395.97
393.73
382.09
373.43
381.89
376.74
374.13
374.35
378.09
395.85
408.84
536.79
560.00
552.91
526.34
515.21
502.30
471.62
450.72
443.25
498.57
546.71
550.15
451.47
432.65
420.49
413.10
396.82
391.66
396.96
408.53
381.81
390.02
388.08
386.06
377.41
415.85
422.64
448.39
425.78
412.49
405.92
392.26
413.61
453.69
477.43
468.17
428.24
407.64
390.54
388.38
378.82
380.73
371.25
373.27
374.09
379.61
381.55
380.66
386.93
389.24
400.74
406.71
408.35
404.40
400.96
397.15
413.50
433.14
492.19
505.92
474.94
446.57
428.28
444.63
388.72
414.62
395.81
388.94
383.04
381.78
397.38
487.71
575.43
636.34
621.56
578.41
541.98
510.55
517.12
520.56
552.73
605.29
659.56
659.71
582.37
513.61
459.86
432.54
410.07
404.56
403.51
399.55
391.79
398.96
388.43
465.32
551.78
598.96
571.86
553.87
523.03
463.38
436.36
445.62
485.93
524.15
588.28
532.44
448.68
425.09
413.44
409.18
397.91
397.22
392.89
389.31
382.22
380.95
411.04
448.44
593.45
659.90
627.94
637.27
614.13
571.19
529.90
514.08
556.86
614.05
655.19
634.88
464.80
433.51
429.70
424.33
410.36
417.97
416.63
414.91
413.12
416.63
448.36
567.30
722.01
817.21
803.92
732.16
749.41
710.66
669.52
654.81
659.14
709.39
797.57
748.82
547.89
450.60
446.12
436.42
427.01
427.73
421.61
417.72
413.92
412.72
440.34
518.07
630.73
701.06
676.79
619.38
582.35
515.60
486.19
467.74
464.53
470.36
497.76
489.77
427.65
379.12
405.85
400.10
390.85
387.54
384.63
380.60
379.63
384.63
388.29
391.50
398.30
403.07
420.17
437.64
441.82
423.45
428.83
398.07
403.89
404.42
417.71
432.41
401.51
392.17
335.88
327.74
281.83
339.54
302.06
155.51
149.76
125.27
198.44
288.25
336.70
341.03
341.03
377.68
392.39
390.08
388.51
388.58
389.48
399.33
405.46
405.98
405.08
400.23
394.18
391.94
384.70
380.89
377.09
375.67
376.19
380.52
399.93
396.35
478.10
484.37
464.36
435.84
417.48
414.86
413.97
412.47
411.65
411.95
454.13
445.25
414.27
411.88
409.04
400.75
390.90
383.02
378.40
377.65
380.71
384.89
404.45
422.36
505.15
543.44
527.25
525.38
503.96
477.98
476.56
496.86
492.68
517.54
533.37
543.59
508.66
433.56
416.09
401.84
392.95
384.15
381.61
378.40
379.37
384.22
401.17
388.85
485.15
508.89
498.36
440.88
395.87
404.53
402.66
401.84
394.53
393.03
451.56
425.65
431.92
373.40
398.33
388.11
349.81
352.10
339.41
339.11
349.49
336.50
363.52
428.16
447.57
420.92
420.40
420.10
418.68
418.61
419.73
418.68
417.41
421.45
427.79
425.03
420.85
415.62
403.16
392.78
384.12
383.02
376.75
373.47
373.99
378.62
392.36
402.96
412.73
422.96
417.51
414.38
421.99
418.41
415.35
415.50
414.97
418.18
424.68
420.12
411.17
404.45
403.03
393.47
380.11
373.57
363.35
359.09
358.72
362.08
366.33
367.38
355.96
384.25
412.69
403.88
402.17
418.67
375.74
374.39
373.35
368.72
424.49
418.29
407.54
376.49
372.01
369.24
358.64
362.06
354.97
351.61
348.92
351.76
353.78
357.81
360.87
364.97
372.21
377.29
381.55
378.71
376.47
375.35
377.59
344.00
387.74
444.48
432.53
408.27
387.74
381.02
359.45
374.60
373.63
371.92
373.26
377.44
389.16
366.17
452.91
439.92
414.09
370.72
393.71
393.04
358.25
315.63
323.77
327.13
366.24
349.22
314.14
294.28
289.28
287.56
242.69
257.47
274.04
286.81
294.05
297.26
311.44
375.56
420.43
411.10
409.31
407.22
403.78
399.30
398.63
400.20
400.35
407.07
426.40
422.89
411.99
400.80
398.48
374.15
370.11
368.25
366.01
365.19
366.01
370.64
372.35
381.46
429.91
440.51
398.18
399.68
398.03
397.06
394.23
395.12
401.62
413.34
449.92
454.62
425.95
403.33
376.91
374.74
359.59
353.75
345.76
342.18
343.08
352.41
365.55
369.43
397.79
395.93
388.02
384.21
346.21
322.77
315.91
304.19
310.76
311.80
383.46
383.69
341.51
343.90
309.56
288.96
251.41
193.38
228.23
243.09
232.56
266.52
291.00
342.20
389.82
394.07
393.62
383.25
378.10
332.80
294.88
289.36
315.78
328.24
370.26
378.10
343.62
267.79
253.46
205.69
182.63
0.15
0.60
-30.53
-29.85
0.45
0.67
0.37
47.54
90.16
83.44
79.41
30.75
0.37
-0.75
-15.30
0.67
71.95
201.29
269.96
193.83
126.58
0.67
96.36
0.67
85.31
120.61
119.57
92.92
76.05
108.30
52.32
81.95
153.90
245.92
311.60
343.84
346.83
349.44
350.04
351.08
359.82
368.77
371.16
369.29
359.29
352.65
310.85
228.23
235.62
42.39
-0.15
-15.00
0.07
42.17
297.87
366.01
368.77
335.78
298.09
289.06
273.09
287.64
288.54
290.03
288.17
359.07
362.05
363.70
357.95
308.02
337.28
278.69
278.31
244.80
221.74
231.37
269.28
298.69
346.60
411.91
409.82
427.88
415.41
380.11
373.32
370.11
373.02
373.02
375.48
403.62
429.97
373.02
343.02
310.48
328.09
309.81
254.75
277.66
270.80
248.56
280.42
263.71
342.06
374.52
361.31
353.18
350.42
348.18
344.30
344.37
345.49
349.37
357.28
362.50
364.82
362.35
354.82
346.39
346.46
322.06
304.01
292.14
288.34
291.02
287.07
321.17
382.81
434.67
454.89
399.37
375.64
344.15
328.33
333.18
332.96
347.36
347.21
395.64
449.22
454.14
335.65
330.57
327.14
319.08
326.44
314.80
311.29
299.87
306.66
325.84
345.31
436.72
436.86
413.44
366.50
329.12
319.87
316.59
317.26
331.36
343.52
338.45
338.60
335.84
330.91
323.60
327.03
294.35
264.24
262.52
268.57
270.73
272.45
264.84
286.40
301.32
305.42
269.16
231.94
262.52
265.73
268.57
277.59
295.50
314.15
327.28
326.83
323.70
316.98
303.41
290.87
298.93
265.42
264.60
277.88
270.64
269.59
274.15
279.22
303.10
310.26
316.90
321.23
323.10
322.42
322.87
321.83
320.93
311.98
328.54
370.11
373.61
344.36
285.56
319.59
289.14
294.07
289.37
289.37
285.04
289.52
298.47
366.00
380.70
386.00
365.63
356.38
334.36
321.53
320.19
333.77
348.09
343.47
395.03
344.96
338.39
334.29
328.17
315.11
267.65
269.29
264.36
264.29
268.62
269.21
284.29
335.40
354.58
340.55
329.95
308.69
271.98
270.93
271.68
284.21
290.03
320.10
335.03
336.22
329.21
325.85
310.63
296.52
266.30
262.64
254.06
245.86
261.60
269.06
283.98
323.98
362.85
389.64
396.06
388.67
371.06
326.37
336.14
340.10
343.30
371.51
387.70
404.79
405.46
351.29
328.75
322.86
299.43
277.04
268.61
264.81
263.84
269.21
282.79
338.37
371.43
376.80
348.45
322.33
299.95
327.41
327.03
297.64
320.02
345.46
377.62
396.20
387.55
367.18
344.19
328.30
318.53
309.50
307.41
304.58
302.64
293.61
313.38
367.03
410.61
432.39
415.01
403.97
395.91
383.89
365.54
342.33
333.90
346.66
376.21
390.98
350.99
320.84
314.05
314.65
295.48
283.85
272.66
269.08
268.70
265.72
268.85
278.33
306.76
310.19
311.31
305.49
301.01
298.63
293.33
289.52
264.82
315.94
350.26
378.09
316.98
311.98
301.09
308.10
291.01
282.19
275.77
275.85
270.18
270.18
276.37
275.92
283.38
291.82
296.89
287.86
283.31
281.07
269.36
264.06
267.57
276.37
316.14
357.25
318.83
318.08
315.09
312.63
307.78
288.76
276.22
276.07
271.37
269.06
298.98
327.11
387.99
414.78
378.44
337.11
312.26
299.13
304.57
305.47
313.38
322.78
372.47
381.05
322.18
313.01
314.72
311.07
301.44
276.81
276.06
274.87
267.71
274.35
294.05
357.91
395.74
387.09
372.46
331.20
314.27
314.94
314.49
314.41
309.27
349.78
398.88
434.02
409.92
379.92
354.93
331.20
308.07
305.76
294.12
287.85
283.45
292.18
306.58
318.89
386.79
371.79
361.20
328.74
304.34
298.60
297.70
301.13
303.07
320.01
323.37
323.97
317.55
308.30
307.63
305.54
270.17
222.19
226.89
222.34
206.00
216.07
245.69
316.72
334.92
345.67
318.58
316.87
309.56
308.74
309.26
310.45
311.12
318.81
358.35
380.21
380.29
362.16
329.78
322.39
309.18
293.96
304.78
303.59
306.05
312.77
301.42
348.80
357.98
372.98
375.14
381.63
380.29
362.31
353.65
350.00
342.98
350.14
378.94
392.37
391.63
363.05
347.16
340.59
331.34
329.71
322.92
306.58
294.64
295.38
298.22
309.04
327.69
345.67
338.58
337.02
331.05
327.54
300.01
292.92
292.33
305.31
327.09
334.85
322.47
285.54
239.28
227.71
189.06
169.89
64.69
13.73
0.67
0.52
0.22
-20.97
-0.30
21.34
0.60
0.82
24.85
29.99
7.91
14.92
35.44
149.75
311.80
320.23
321.73
306.43
304.57
305.46
300.84
0.82
-1.57
-51.18
-52.23
-18.43
46.56
192.72
317.10
316.50
154.37
56.26
0.67
183.92
143.48
110.72
109.75
110.50
304.42
316.80
320.98
193.84
157.43
75.06
-17.83
-0.60
-17.83
-36.93
-14.33
-16.64
83.79
249.88
330.08
333.37
333.74
333.59
331.20
328.22
326.73
326.58
328.96
346.13
367.61
410.44
392.24
356.20
346.27
343.29
309.94
321.35
318.97
317.18
317.70
324.11
334.34
339.34
354.63
356.57
356.65
353.74
349.48
319.56
262.78
259.35
213.84
223.76
275.17
326.05
327.55
301.28
216.08
220.48
205.11
186.90
183.84
257.03
283.89
304.86
321.65
334.18
350.82
357.24
355.22
354.03
348.36
342.54
339.78
335.08
331.42
321.72
322.84
327.92
335.82
296.65
282.85
238.98
157.80
166.45
149.74
149.89
182.79
250.53
283.73
304.25
282.76
241.28
186.97
171.30
191.07
174.21
175.18
189.35
251.50
286.04
314.32
328.79
327.52
310.22
302.68
292.76
228.37
206.40
114.88
31.63
0.52
0.45
0.22
-0.30
0.97
74.97
63.70
58.41
82.28
5.52
0.30
-0.60
-6.12
0.60
81.76
170.08
187.08
161.27
89.22
99.73
5.37
-37.08
-83.18
-93.63
-21.56
-19.40
0.52
102.80
290.65
286.10
291.62
297.67
299.68
289.16
296.55
297.74
292.97
308.41
324.60
330.94
328.85
319.97
310.12
307.66
284.31
304.23
293.56
294.83
300.80
314.53
327.95
340.41
357.80
366.38
358.77
351.01
345.41
340.94
338.92
336.09
334.74
328.78
345.26
375.18
365.11
356.08
346.01
343.77
328.33
305.74
315.06
314.54
313.27
319.39
329.68
349.38
388.32
383.25
358.26
349.01
328.64
292.01
265.00
231.73
245.68
263.06
298.87
328.42
310.14
246.27
197.63
178.08
2.69
74.97
168.14
196.94
253.86
276.09
275.34
288.69
312.34
308.09
291.01
292.87
298.02
309.06
312.94
320.03
320.03
321.74
327.78
330.84
328.08
316.15
307.87
292.13
281.23
180.30
165.97
186.49
261.31
280.10
305.84
312.48
327.70
335.90
333.44
330.08
325.38
324.04
321.21
320.31
320.16
320.31
326.13
330.46
325.61
320.24
313.82
308.23
301.36
306.38
300.79
301.68
305.11
307.65
314.07
321.75
335.71
337.05
335.41
333.17
330.04
327.42
324.59
321.90
321.01
321.75
323.47
326.16
308.55
239.23
128.27
0.52
80.51
-7.46
-20.00
0.07
-14.63
15.08
17.39
74.41
161.13
208.45
255.10
254.80
238.16
237.78
254.35
287.86
299.13
298.61
305.85
298.91
210.99
170.02
42.84
67.84
15.67
-17.16
-24.93
-69.63
-100.97
-46.49
-73.88
-84.85
-49.33
-17.99
-24.63
-49.70
-5.60
-52.69
-74.55
-99.63
-82.76
-50.75
39.78
215.45
273.59
228.66
174.18
193.59
128.51
131.72
95.97
106.50
107.84
45.00
167.99
307.99
346.05
329.34
316.95
247.62
239.04
206.80
230.75
230.90
231.20
265.46
313.07
341.35
336.05
330.23
320.61
311.20
274.41
291.66
287.25
279.49
272.18
301.43
307.85
350.47
382.63
405.84
370.84
345.62
335.32
331.21
328.00
326.51
327.48
332.93
365.39
411.74
442.34
379.65
338.45
333.75
306.58
285.65
270.87
261.54
256.17
258.86
277.59
325.79
349.89
327.21
319.97
314.37
309.97
306.46
290.87
284.75
301.17
314.15
339.45
365.19
327.06
321.91
321.84
320.64
296.69
264.69
258.94
250.06
246.55
247.00
268.12
328.57
321.63
335.13
308.04
287.30
274.91
264.39
257.45
258.27
274.69
293.04
323.86
348.49
311.33
305.88
309.61
312.97
293.12
291.05
268.29
273.81
271.57
270.75
298.14
343.36
380.45
367.17
335.60
301.57
282.69
299.03
293.51
265.38
261.20
281.94
328.74
350.08
304.18
300.15
298.44
297.77
277.02
265.12
260.72
260.42
246.99
246.62
258.19
273.41
289.97
286.76
278.93
257.66
238.41
222.52
216.85
210.80
220.28
234.16
276.09
303.55
298.26
298.55
291.76
292.88
283.03
292.19
269.05
257.11
250.84
252.63
255.24
256.14
261.07
273.16
267.26
252.11
238.90
232.11
187.18
180.09
177.55
187.33
246.44
293.83
301.89
293.53
271.22
257.26
223.82
181.66
167.92
171.73
155.91
160.98
216.21
257.11
286.52
292.34
223.38
223.60
229.80
224.35
233.83
218.30
221.44
224.50
273.75
307.49
346.67
316.07
297.11
298.46
280.32
248.19
229.83
224.45
224.00
224.15
242.59
291.11
319.47
319.10
267.97
242.89
243.19
246.17
297.38
297.45
298.27
298.50
296.78
320.96
368.74
346.42
323.73
315.59
286.78
273.36
259.85
255.82
249.10
254.85
274.85
306.06
343.38
342.71
328.00
309.64
303.15
298.59
295.46
289.26
294.64
292.47
309.71
329.72
357.64
328.38
307.70
304.79
275.60
244.37
251.38
249.22
248.55
247.28
273.78
332.09
366.81
364.27
349.26
329.40
323.73
317.61
316.49
321.49
329.18
332.02
350.76
359.57
393.99
347.99
324.63
316.41
293.57
293.25
254.58
257.12
257.34
261.22
284.00
321.62
309.60
309.45
319.98
285.19
257.49
249.58
245.40
241.89
247.34
268.84
322.07
300.64
296.16
298.11
282.35
278.47
279.29
279.86
273.81
256.49
258.36
269.33
261.42
250.15
248.06
260.75
247.61
236.11
218.27
214.76
193.49
189.98
218.35
239.02
272.32
279.41
277.99
261.94
251.41
231.18
200.06
229.15
215.57
215.57
187.13
167.72
185.86
201.23
233.18
246.84
244.68
215.12
187.87
187.72
78.08
8.29
7.61
85.91
199.52
253.56
288.79
312.00
291.70
300.81
279.98
231.84
223.63
231.91
237.66
241.84
277.82
351.41
425.09
399.78
342.98
314.99
291.92
292.60
290.95
277.67
275.65
277.97
266.77
321.41
336.64
336.34
294.16
267.22
228.78
217.27
201.00
189.80
187.79
205.40
231.68
300.72
326.77
321.91
295.04
273.77
234.29
216.45
217.12
220.11
217.12
224.66
261.83
291.31
295.34
287.95
271.68
234.21
206.67
238.12
235.14
232.00
232.82
243.13
261.26
314.79
334.42
361.59
346.88
346.51
341.58
335.99
321.80
311.80
309.64
311.50
318.59
339.20
383.09
390.70
329.04
291.87
273.06
265.72
262.14
246.31
243.25
254.75
275.12
333.42
335.58
366.26
341.85
326.77
312.97
304.16
302.52
288.04
285.87
284.38
299.16
335.43
355.66
340.88
327.00
287.29
274.68
263.93
264.75
257.43
251.98
269.97
288.33
334.69
396.79
437.91
354.76
334.16
308.19
307.37
299.16
288.41
286.17
288.41
305.73
303.26
303.04
300.13
301.99
294.68
292.29
306.95
297.54
285.97
269.48
269.70
278.21
292.62
313.74
328.89
347.18
318.89
305.38
257.98
254.55
268.28
268.51
279.40
261.64
308.14
320.31
312.62
298.51
292.69
270.37
288.23
287.48
284.05
283.90
288.45
288.60
286.06
294.35
302.41
303.53
296.07
295.17
292.56
290.24
287.85
286.29
285.84
260.31
320.25
348.25
370.64
345.41
313.83
310.92
289.94
281.43
274.19
270.98
277.70
310.55
317.94
331.67
334.74
332.12
329.73
320.85
316.15
312.41
301.74
299.87
296.59
319.80
321.75
328.09
322.87
316.37
313.09
279.49
259.40
258.95
265.74
260.97
262.16
279.70
352.33
377.04
387.42
351.06
340.46
334.34
319.19
315.68
305.31
303.66
300.83
303.89
329.12
350.92
331.96
319.19
313.59
299.04
280.01
277.55
272.77
267.10
273.44
287.78
350.78
396.62
418.64
368.62
344.96
331.74
327.56
324.95
316.59
316.74
324.43
318.01
347.12
352.35
350.63
332.64
318.01
313.60
317.04
313.08
312.78
313.23
315.77
327.86
357.65
421.03
442.23
385.94
362.43
354.59
354.14
354.44
343.09
338.02
343.76
345.41
356.01
403.26
395.57
365.93
352.35
328.83
315.46
326.06
325.39
326.21
329.87
327.11
370.40
440.27
448.49
384.81
365.55
350.77
343.01
337.41
329.57
325.24
325.54
311.51
346.59
361.52
358.91
338.60
337.93
323.00
334.25
327.61
324.03
321.64
323.35
323.20
326.79
336.64
352.91
350.52
316.86
316.71
287.90
283.79
277.00
271.85
266.10
324.40
321.19
344.03
345.45
321.71
320.67
309.54
300.41
284.14
283.91
284.06
292.42
294.73
285.70
284.96
301.23
296.75
276.90
271.67
260.40
252.79
222.04
216.22
233.31
261.52
312.50
333.62
348.84
323.02
288.02
284.43
265.55
276.97
277.42
290.33
314.81
317.95
374.89
438.56
450.27
352.95
321.08
314.36
331.90
330.71
327.27
325.56
327.50
305.70
350.86
367.73
362.43
341.08
316.68
261.00
322.20
321.31
321.23
322.28
324.67
303.99
344.97
388.56
389.67
347.95
303.92
266.45
262.35
245.93
257.64
276.30
293.17
332.13
371.24
354.22
352.43
357.80
327.65
289.59
250.05
246.24
261.39
261.39
263.93
283.19
349.47
376.41
389.85
376.19
358.35
296.47
288.11
322.97
320.81
320.28
308.57
289.08
344.02
369.40
358.95
334.62
306.25
304.68
318.99
317.95
317.80
318.84
261.73
284.20
356.99
387.82
412.91
372.74
332.73
301.52
281.52
315.78
315.04
314.21
296.60
294.13
336.61
368.11
338.55
330.19
322.43
305.78
289.88
284.43
283.46
283.91
276.74
304.21
311.08
318.62
327.20
326.46
320.78
319.22
315.63
313.02
309.06
306.00
311.97
315.18
320.78
326.08
322.50
329.15
327.58
310.71
316.90
305.78
302.05
304.21
308.02
299.58
302.05
309.21
318.54
320.93
320.11
313.62
309.81
306.00
303.91
299.96
302.05
283.91
335.27
350.27
333.03
324.07
317.28
308.84
275.84
260.24
239.64
239.56
254.12
253.22
260.99
261.36
301.30
312.35
309.36
307.50
304.43
296.15
279.20
247.55
261.36
269.50
312.42
345.12
344.00
329.67
308.91
286.22
261.43
224.56
224.33
224.41
224.11
234.49
274.80
293.31
304.51
276.89
253.82
177.00
99.06
21.43
0.90
-0.15
-37.25
-15.53
-2.91
112.43
127.13
22.25
0.22
-112.58
-12.84
-51.88
-71.97
-82.34
-71.37
51.06
219.85
289.80
287.64
208.36
122.95
0.22
-74.50
-74.43
-33.52
0.97
97.65
235.60
288.01
306.90
303.69
271.51
219.26
177.00
16.28
30.53
29.34
26.50
39.94
161.93
299.37
322.36
327.37
313.33
290.04
257.04
223.89
242.78
235.91
232.78
253.98
305.94
335.28
317.74
315.65
309.08
284.44
231.43
204.87
194.86
203.22
213.90
233.69
282.89
322.53
370.31
359.94
331.57
308.05
307.23
304.61
303.72
300.36
299.61
276.47
307.67
345.08
429.22
447.21
356.73
307.60
291.47
276.24
261.31
250.33
260.41
271.61
295.05
331.41
390.54
410.85
395.24
372.77
350.45
328.20
314.76
301.25
302.44
309.54
341.34
335.97
366.28
370.76
346.49
313.34
276.61
239.05
224.71
216.87
209.33
204.78
199.78
201.72
238.82
277.87
283.99
283.84
280.48
253.23
235.54
230.61
231.28
239.19
247.11
283.84
298.02
293.02
280.93
271.45
235.69
233.21
216.86
223.95
216.49
220.44
223.65
229.25
236.35
239.26
256.87
257.40
265.24
243.36
234.70
226.94
222.24
236.94
265.09
311.15
338.32
356.46
343.92
313.91
311.07
287.63
270.39
265.53
261.35
255.16
273.00
349.52
393.93
423.35
382.96
350.79
340.48
328.91
321.00
303.61
294.20
297.86
316.52
335.71
351.46
356.91
349.44
334.88
286.88
253.81
269.26
261.28
263.07
257.09
276.50
340.55
389.23
447.90
384.22
354.06
334.81
304.95
281.43
298.45
294.20
294.94
308.30
351.53
406.10
386.39
363.62
345.48
324.06
283.65
262.75
243.64
232.60
220.65
221.85
205.35
206.02
230.66
219.46
215.58
213.86
157.65
36.58
-18.36
-21.05
14.78
146.38
221.33
257.60
278.06
247.82
251.41
95.40
97.35
37.77
37.40
3.51
20.38
50.32
307.64
300.55
307.64
305.03
296.37
278.60
234.56
238.14
256.21
276.21
279.80
297.49
299.13
303.61
309.66
311.37
306.89
301.37
248.52
260.54
250.83
242.47
247.10
268.45
313.17
350.79
321.38
318.99
316.75
313.02
311.97
297.41
273.67
265.84
264.79
290.32
313.61
328.17
315.70
316.38
315.70
311.30
296.53
274.51
265.48
260.55
261.15
257.64
265.70
305.12
335.95
336.47
325.65
318.41
302.80
276.08
260.92
246.36
243.98
280.26
309.08
334.98
334.53
339.68
342.82
330.73
262.71
239.05
216.80
215.76
216.80
208.59
209.41
216.58
229.19
226.13
212.47
214.49
209.71
197.09
120.35
117.28
162.15
229.19
242.18
287.20
308.48
308.40
316.09
296.46
282.95
261.22
260.70
248.90
246.89
271.37
342.30
371.56
351.26
337.59
334.09
333.94
331.47
329.90
314.15
306.76
307.28
327.52
333.49
329.38
327.81
328.93
324.23
319.60
315.97
305.96
304.62
298.87
298.87
318.88
341.88
339.26
339.94
335.98
337.17
332.25
331.65
328.74
326.87
323.36
323.14
328.06
333.52
365.40
454.32
410.64
380.63
335.98
329.82
291.37
268.45
303.84
299.96
309.14
330.94
369.08
365.95
344.90
333.40
324.74
320.78
318.17
314.07
308.91
303.54
306.82
278.83
292.57
295.70
283.76
263.08
243.22
253.22
238.96
225.90
229.11
247.10
276.74
343.33
372.67
408.05
389.61
372.89
372.74
366.17
356.54
341.61
338.40
339.97
371.10
373.12
410.96
412.38
372.52
366.32
328.47
299.37
289.89
280.26
278.09
277.50
291.31
355.59
407.47
419.34
396.20
371.94
350.36
318.78
279.96
276.97
276.68
279.06
318.78
365.07
325.95
323.86
325.28
324.31
322.44
328.94
298.63
283.25
272.65
277.43
274.97
279.82
291.99
314.83
321.03
305.80
303.63
275.11
270.41
249.43
239.58
239.58
259.06
278.92
297.89
282.80
280.79
278.18
261.45
267.13
220.69
199.34
169.18
156.11
152.30
176.49
172.01
200.01
151.86
74.14
60.10
70.78
-3.81
-112.44
-148.80
-63.76
73.99
226.52
275.64
298.64
305.13
312.97
268.92
266.46
222.04
219.27
219.57
227.19
266.76
344.63
395.77
395.77
352.84
298.64
274.00
303.94
306.33
309.39
306.85
305.58
269.15
325.51
365.46
365.53
355.45
350.00
308.04
286.25
267.51
304.47
305.14
279.31
305.51
361.58
408.84
414.59
350.76
310.52
324.03
323.58
322.09
319.70
314.92
313.20
309.54
328.14
357.70
361.73
361.06
337.39
301.33
277.10
290.69
298.91
299.35
261.34
277.17
348.42
380.84
411.31
357.16
334.91
308.47
317.50
316.23
316.16
315.41
314.81
305.03
329.45
342.08
331.40
322.88
324.90
290.61
257.69
257.69
254.03
239.54
247.16
261.80
318.93
352.62
368.23
336.56
330.36
328.12
311.47
298.54
290.33
283.61
268.14
291.67
306.01
319.68
310.57
309.08
304.97
274.79
266.60
262.72
255.77
252.34
253.91
269.51
307.15
314.69
314.39
314.02
312.83
309.84
308.57
304.09
292.36
287.44
291.54
317.61
314.17
358.90
395.05
367.79
360.84
324.63
279.06
256.81
260.25
254.72
259.57
249.57
253.30
270.63
291.16
289.44
285.86
278.02
270.78
246.80
241.65
248.30
254.65
264.05
321.78
336.64
337.31
334.18
335.74
313.64
296.17
268.98
261.37
254.12
256.14
254.12
249.19
254.20
270.55
274.81
277.65
282.87
279.29
275.03
270.70
267.71
270.48
261.74
285.86
315.73
316.18
311.47
323.57
290.79
278.54
261.37
258.01
254.87
252.18
269.13
358.89
454.55
472.10
431.10
422.89
414.45
388.24
375.55
355.38
343.58
336.79
344.18
357.77
368.82
344.85
342.02
329.84
281.23
262.86
257.18
247.33
235.15
241.73
261.66
304.75
373.98
430.21
410.72
392.20
381.97
372.26
345.53
330.44
318.49
312.59
331.41
343.14
350.68
335.07
329.40
317.90
271.45
243.91
242.72
221.51
216.58
221.13
247.12
280.80
348.02
376.02
361.24
341.82
316.73
306.12
288.65
289.84
272.07
266.69
291.26
320.01
354.52
357.05
359.52
361.83
307.39
260.92
242.85
235.91
232.10
237.03
266.75
304.69
349.27
351.43
305.13
267.72
265.85
285.42
283.55
265.48
274.52
280.57
313.65
362.56
391.16
403.56
379.51
360.17
330.00
280.34
262.42
256.00
254.65
253.53
268.77
296.55
322.38
326.12
336.35
326.94
295.28
279.89
267.72
263.99
261.37
261.97
273.62
310.96
320.07
297.37
294.75
290.20
283.40
284.52
270.78
261.90
254.13
252.71
247.11
254.28
262.19
281.54
280.49
271.23
262.87
255.70
246.51
234.64
234.12
239.57
255.32
279.89
282.28
276.23
274.96
272.80
265.93
265.33
244.57
219.85
213.50
172.21
137.41
109.25
139.27
183.56
168.84
139.57
148.83
149.06
186.84
186.32
201.03
246.43
261.59
264.51
273.54
277.50
273.24
271.60
250.39
139.42
96.03
91.11
105.22
146.74
214.77
278.69
346.87
323.72
316.41
296.77
293.26
284.00
283.77
279.29
268.02
264.80
287.66
310.43
297.59
298.56
309.69
296.92
279.59
248.40
249.59
247.50
251.83
209.49
263.78
341.38
399.85
470.80
302.99
300.97
298.51
298.36
296.42
290.67
286.71
286.78
291.19
290.82
290.74
286.48
286.78
288.65
254.44
256.92
246.98
228.31
231.30
239.37
248.48
320.17
365.96
379.92
357.89
346.61
336.08
305.39
297.99
298.14
285.97
302.70
339.97
375.44
399.04
402.70
356.70
304.49
258.04
126.82
212.19
170.96
85.44
33.76
37.79
28.61
66.40
77.97
33.61
1.79
16.06
16.66
0.22
0.75
16.73
53.63
187.46
225.11
261.48
267.68
274.77
282.84
274.03
239.12
220.23
202.23
203.05
208.73
217.09
261.37
306.55
309.84
297.07
276.31
266.08
260.03
244.72
224.03
217.61
222.47
281.31
306.40
346.36
360.17
341.05
328.43
298.71
251.14
231.73
210.82
206.26
190.65
172.80
192.67
205.74
221.12
214.18
197.30
188.79
199.32
167.28
136.88
184.53
205.89
217.24
275.94
299.83
306.25
286.84
301.40
280.79
213.13
216.57
217.39
209.32
207.53
188.19
185.13
174.07
188.34
223.36
231.05
224.56
186.47
149.36
122.02
149.58
180.50
227.99
233.29
279.37
281.61
269.51
275.86
222.91
198.42
174.30
155.18
149.13
146.67
179.53
303.34
335.45
336.20
312.23
293.93
281.61
270.71
264.81
263.09
266.45
266.53
320.89
339.19
377.12
365.77
361.07
343.22
309.17
259.43
246.36
237.92
233.07
245.17
253.23
320.74
375.56
413.94
350.46
315.44
306.18
280.49
272.57
262.79
257.42
273.69
320.52
337.02
344.79
333.96
285.87
252.64
209.17
200.29
188.42
149.06
120.46
45.41
152.42
242.86
324.41
268.70
328.37
309.03
302.16
290.13
271.24
270.27
283.86
291.25
324.48
360.56
422.09
368.99
326.20
258.17
239.65
212.84
197.90
184.01
179.45
179.68
195.81
240.17
249.65
251.82
250.17
246.59
243.01
233.52
231.36
231.36
230.91
230.83
238.00
239.72
277.81
277.81
326.27
310.29
234.64
222.71
219.12
217.70
219.80
239.66
242.65
428.16
550.79
500.23
343.02
277.90
249.37
224.72
212.03
207.10
205.01
214.04
233.54
298.14
313.97
299.26
246.46
224.35
196.05
77.82
94.70
87.68
44.73
28.75
27.33
29.80
77.67
88.50
124.12
102.76
118.37
104.41
9.78
0.67
0.67
0.67
79.98
78.04
76.40
41.30
0.97
0.75
0.60
33.91
18.07
13.82
6.20
3.81
6.42
14.34
21.66
82.16
78.20
39.43
91.57
111.73
101.42
111.51
133.99
184.33
238.25
331.46
364.25
377.39
352.15
307.11
265.89
248.86
215.40
207.48
201.65
201.73
192.92
200.46
224.29
250.50
230.93
224.51
220.70
214.28
202.63
203.90
205.02
209.72
230.93
272.46
291.58
297.63
257.67
250.72
236.61
214.58
211.14
204.42
196.20
191.80
86.71
314.13
345.43
385.24
364.70
256.40
252.29
250.20
248.93
249.23
244.67
244.75
246.92
443.49
418.99
374.03
344.76
247.89
239.67
245.79
238.47
233.84
231.15
226.15
209.05
357.15
422.05
467.61
429.37
387.70
377.46
343.41
320.48
291.65
246.46
263.94
314.73
362.23
384.18
377.61
356.25
333.40
289.03
13.07
74.75
116.87
179.38
169.52
179.90
279.68
358.54
332.25
271.98
245.70
225.38
212.24
214.03
215.45
224.26
232.33
251.52
374.07
479.74
571.30
467.57
355.18
306.41
219.70
215.22
204.01
202.22
202.30
213.65
300.57
395.33
445.14
366.21
320.43
306.25
260.62
246.58
248.52
254.35
271.37
366.06
435.21
483.08
440.14
376.74
325.14
283.32
210.06
217.60
211.25
204.31
198.63
187.73
192.88
208.41
216.03
220.73
224.99
205.13
189.52
186.16
175.78
176.53
181.60
211.10
221.18
221.93
221.26
219.54
220.81
218.27
163.23
205.49
194.52
189.59
187.20
178.31
178.39
201.09
211.69
209.38
204.90
208.93
202.88
178.61
172.49
184.06
192.50
229.31
285.24
334.82
358.05
385.30
358.79
305.48
246.86
226.10
223.71
220.13
218.64
231.11
341.92
379.33
366.04
292.64
258.66
243.58
245.67
242.08
243.73
236.41
232.15
335.80
426.07
523.44
519.11
434.88
339.98
232.53
132.69
225.73
223.12
222.30
221.18
164.72
296.29
386.35
371.49
326.61
298.09
290.47
277.18
269.56
269.26
286.51
320.49
356.48
387.99
494.02
501.19
397.25
351.40
276.88
254.77
232.60
230.36
230.43
230.95
248.50
321.60
406.43
437.86
367.97
320.93
304.73
276.35
275.76
270.98
269.48
260.67
320.41
372.90
397.02
381.34
340.79
299.28
261.27
229.61
225.73
223.04
214.38
213.11
217.36
230.95
269.48
296.29
275.61
266.50
276.13
269.41
254.55
247.68
253.36
250.44
274.11
295.84
334.67
387.99
373.35
348.19
293.30
256.08
240.18
238.31
246.38
249.51
253.99
304.02
346.57
351.57
331.57
327.98
306.40
270.34
250.33
241.97
231.60
228.53
227.12
304.54
332.54
313.87
315.29
233.69
231.22
251.06
230.09
223.89
223.37
218.74
216.95
223.29
243.15
260.17
238.75
231.88
223.82
223.74
213.14
212.39
214.19
223.67
247.48
259.28
283.02
264.13
243.60
254.05
220.83
209.81
199.80
194.28
189.13
162.84
162.84
158.22
163.44
192.49
192.04
189.43
180.47
164.56
162.77
165.31
173.97
197.71
201.82
214.66
265.88
271.41
238.11
255.28
210.48
201.37
191.74
179.20
183.68
165.91
193.91
263.12
358.02
319.42
270.59
243.93
249.90
249.83
246.62
245.05
240.57
240.27
263.87
255.80
252.59
247.89
241.39
239.38
215.18
172.39
185.01
176.94
176.57
170.67
203.75
239.29
264.60
262.50
264.52
266.69
265.71
256.01
252.35
253.10
252.28
249.81
274.60
360.46
420.56
514.18
451.17
236.22
226.37
235.08
235.82
234.63
233.66
227.83
230.45
331.82
446.56
448.50
361.61
262.55
257.55
253.44
247.02
237.99
230.60
229.25
236.35
232.31
229.40
224.25
219.18
207.68
118.25
173.49
178.11
167.66
159.15
122.95
174.46
213.65
225.14
227.98
231.71
236.19
237.46
231.64
230.89
230.74
226.26
227.46
231.94
232.98
234.18
231.04
228.95
240.37
225.97
194.35
225.77
224.28
222.86
213.90
219.42
351.38
462.58
460.19
367.80
328.31
295.03
274.28
256.22
252.93
247.04
256.74
291.37
403.99
496.54
493.03
408.47
362.27
291.45
254.58
228.60
218.60
214.35
213.68
208.00
217.86
227.19
217.56
225.02
209.50
209.05
209.05
192.70
187.03
188.00
196.96
225.25
298.54
391.53
419.67
372.80
306.22
265.77
226.97
200.77
160.84
127.85
111.36
75.83
94.64
112.18
159.35
165.92
172.63
176.36
99.27
0.90
0.52
-82.32
0.15
149.65
215.18
203.46
204.95
208.53
208.83
207.11
205.17
189.50
180.77
179.65
187.11
194.28
206.74
221.45
238.61
238.84
232.49
223.24
212.86
204.43
203.38
201.52
199.43
205.25
209.28
208.16
206.52
203.68
202.64
194.65
186.52
179.80
169.65
160.69
153.53
159.42
181.29
200.47
205.18
212.57
215.10
222.34
209.80
215.25
215.10
215.63
216.45
225.55
217.64
231.08
231.00
227.12
223.76
206.07
194.95
191.81
189.35
187.71
189.05
199.50
225.03
233.98
237.34
237.34
238.54
236.67
227.27
223.39
219.43
218.38
217.34
223.83
226.15
225.77
223.53
220.55
219.88
205.92
207.34
203.68
200.18
201.37
202.34
209.51
212.49
221.07
230.11
230.70
229.06
223.16
216.52
216.00
215.10
215.70
215.33
218.91
217.57
216.60
215.78
212.19
211.75
203.46
195.45
192.84
190.00
190.45
193.29
199.70
258.36
320.08
342.69
323.89
283.59
273.14
246.42
231.72
221.50
217.91
220.00
226.94
226.94
227.39
223.66
220.82
219.93
213.14
220.16
212.99
213.74
213.89
208.29
209.41
212.77
216.65
231.73
231.28
221.65
212.92
200.46
194.71
186.13
194.78
206.28
216.35
222.02
224.11
216.58
214.86
217.84
211.87
210.53
193.89
186.80
181.13
174.34
176.13
162.84
155.08
179.94
192.25
193.97
197.03
196.28
154.19
70.08
50.53
90.45
191.20
217.92
234.86
238.67
246.36
233.22
231.43
225.46
219.71
217.62
218.74
217.03
217.62
234.34
291.51
298.45
288.00
278.30
298.08
288.67
261.88
249.86
251.95
257.25
260.61
276.73
298.00
235.54
232.48
229.49
221.80
227.99
220.22
218.28
218.06
218.13
224.40
269.85
327.99
328.81
306.64
284.85
283.88
276.57
262.31
259.33
255.52
259.25
273.96
301.05
350.75
357.46
343.21
327.46
273.58
245.38
242.24
239.33
240.00
240.53
250.00
312.84
369.04
364.18
328.29
308.51
314.41
292.24
278.51
276.05
276.50
289.86
328.96
365.30
396.95
384.11
358.66
356.20
318.29
272.56
268.60
262.11
261.21
261.21
268.38
316.51
380.03
387.64
394.36
386.44
402.94
383.76
373.16
348.16
339.65
343.31
372.41
393.31
398.46
387.34
366.00
356.44
299.80
290.76
282.92
279.49
278.74
281.36
282.48
361.33
402.55
436.07
423.90
391.27
380.59
332.58
311.60
304.13
283.75
288.52
312.94
380.07
402.77
402.62
360.73
327.65
309.28
306.52
286.58
275.30
269.70
276.42
264.03
269.56
282.10
287.18
297.41
297.33
291.21
282.77
259.10
253.43
258.50
255.59
259.18
275.60
283.59
282.17
281.65
307.64
285.01
267.65
261.60
252.12
244.06
247.94
247.86
252.87
259.51
271.23
275.64
279.52
283.25
277.95
269.74
263.99
261.97
263.62
260.86
282.51
290.94
297.96
287.06
288.25
282.66
281.31
273.10
272.13
262.50
260.78
275.04
293.85
364.48
364.78
349.32
344.92
330.06
291.32
291.17
283.18
282.06
278.18
281.98
289.52
289.08
286.76
284.89
285.12
278.03
274.91
270.80
260.80
253.03
247.36
262.14
288.05
350.54
366.89
358.01
351.89
350.32
314.11
297.91
294.62
291.48
293.43
338.82
364.43
393.03
387.95
367.27
365.85
337.40
298.85
290.26
284.66
278.38
283.01
291.98
328.79
402.64
409.21
375.09
364.26
356.19
336.03
322.14
302.58
302.80
310.64
358.44
388.30
403.31
410.93
403.76
378.15
342.75
302.18
291.21
282.39
282.25
281.35
282.77
327.05
371.32
365.57
354.67
335.33
324.73
301.73
293.07
291.13
296.58
292.77
357.73
372.89
409.11
403.36
368.86
358.48
326.52
282.71
276.73
276.29
273.75
273.90
282.78
319.89
388.82
391.88
369.10
357.38
351.18
328.63
295.63
294.21
292.71
293.91
345.06
382.84
410.70
403.15
425.63
377.84
335.43
307.68
284.31
274.83
265.87
256.54
254.07
261.31
268.03
274.68
274.75
270.42
268.85
263.63
260.79
258.92
255.64
255.49
259.37
275.65
286.55
280.20
279.68
283.34
278.41
257.57
241.89
238.76
233.46
231.37
235.55
248.98
262.27
267.28
271.76
272.50
271.31
264.44
257.87
249.95
245.62
209.34
239.05
268.02
316.70
324.46
289.00
288.78
285.27
279.74
262.12
255.55
255.48
255.03
270.11
320.28
356.04
358.36
346.94
331.85
315.06
286.31
278.77
277.65
279.22
281.24
328.57
286.84
286.69
286.01
284.60
284.07
284.00
283.41
280.57
276.09
272.65
271.16
281.46
337.09
402.86
380.61
370.68
346.94
330.74
305.88
300.35
299.91
305.73
335.22
395.47
430.86
470.20
473.41
443.62
410.62
339.70
315.44
296.03
287.30
284.76
283.26
287.67
341.80
396.15
428.18
431.17
384.06
354.34
340.83
329.11
336.87
350.91
378.01
431.17
508.67
552.94
508.89
443.19
431.62
371.81
340.55
313.90
295.46
291.81
290.39
303.60
351.38
439.99
412.89
423.27
394.00
378.10
357.20
350.41
341.08
356.68
374.37
424.39
463.20
519.41
461.78
423.64
378.77
312.63
288.51
281.64
277.61
272.98
271.49
287.32
321.58
370.70
404.44
417.20
400.56
360.62
295.60
291.35
289.03
290.00
293.81
367.19
388.69
400.26
388.61
365.55
359.35
288.66
291.25
280.65
276.32
269.08
262.06
263.40
255.34
269.15
279.38
294.39
284.91
275.42
260.57
251.68
245.78
244.44
252.73
265.94
289.61
290.73
283.04
270.20
270.20
253.85
231.33
224.16
210.57
196.16
202.36
200.12
191.16
209.82
265.53
276.20
280.54
281.06
278.00
276.35
275.68
275.38
276.43
282.63
286.51
298.90
300.92
305.18
309.58
291.29
267.09
254.25
251.86
256.64
259.85
264.56
304.28
387.91
428.61
384.63
364.69
360.58
353.56
341.39
338.26
336.99
335.64
337.58
369.62
453.55
451.75
397.47
368.72
322.95
289.71
286.35
284.93
283.73
284.93
295.23
362.13
410.52
419.33
405.07
372.59
343.17
311.73
303.52
298.67
298.29
297.03
313.90
350.26
400.66
395.66
357.51
326.00
288.66
283.57
280.28
268.63
267.14
270.20
283.72
329.41
456.26
462.46
446.33
384.29
378.61
356.14
342.18
328.59
322.32
322.61
357.63
388.39
417.58
490.60
522.26
406.98
318.21
291.22
276.81
279.57
278.22
279.05
280.31
313.10
350.36
349.53
316.83
304.88
304.88
302.34
302.72
300.18
299.51
299.80
338.48
417.86
484.91
508.29
443.25
384.78
332.58
298.66
290.37
285.22
283.20
284.47
304.04
358.39
358.09
369.29
376.83
358.02
335.69
315.91
308.22
299.56
300.30
309.56
329.20
343.09
369.67
365.86
352.19
328.23
307.02
290.86
284.88
284.06
281.75
281.15
282.72
284.51
286.75
290.93
296.60
297.65
295.71
294.29
292.20
290.78
290.48
290.33
290.86
296.75
306.68
306.23
310.42
313.25
294.66
281.42
284.04
279.63
277.62
276.72
272.39
279.26
284.41
288.89
295.91
298.90
298.82
298.52
294.64
293.45
292.70
292.10
293.59
298.52
313.61
328.46
350.94
349.15
315.40
287.17
275.45
272.91
272.99
274.85
289.19
358.41
412.02
418.29
418.44
416.12
402.39
337.65
352.73
327.57
330.93
335.48
345.56
395.74
381.63
410.67
381.78
336.01
297.70
287.30
282.44
275.57
274.98
274.60
280.28
293.19
325.82
335.97
328.51
313.28
308.87
299.09
298.42
298.12
291.10
298.94
327.31
365.32
386.59
402.20
395.63
366.73
305.89
276.40
264.30
266.92
266.92
266.39
275.13
302.89
335.59
335.74
335.74
330.96
331.93
314.69
319.76
304.01
307.15
313.87
330.06
324.54
322.08
318.57
313.04
302.67
280.95
244.34
264.04
261.50
260.83
264.04
273.29
282.69
319.11
298.37
300.90
300.75
297.84
281.50
280.31
279.71
277.92
277.62
268.59
291.35
321.28
323.67
325.61
314.19
284.49
260.59
257.98
253.50
254.17
246.41
268.58
329.17
402.38
372.38
327.83
304.62
301.49
301.04
299.47
297.75
294.84
291.41
304.54
325.81
323.87
299.02
281.34
255.67
233.28
250.31
217.10
214.19
200.75
186.58
154.19
162.99
212.02
217.70
195.16
93.96
39.85
-36.12
-119.71
-200.61
-250.31
-143.44
-0.15
79.18
196.28
208.22
217.10
237.55
215.23
186.29
138.67
108.59
94.79
98.00
101.65
89.11
68.66
86.43
70.75
-0.67
-89.64
-240.70
-266.82
-74.49
0.67
105.53
205.47
268.46
318.17
281.22
281.75
280.55
271.67
214.87
213.61
209.72
205.25
209.72
217.49
292.12
343.54
302.42
288.91
273.91
282.87
270.03
270.40
277.64
279.96
288.91
339.81
451.84
533.64
526.92
485.43
334.81
273.39
261.00
253.83
246.82
248.31
247.71
263.54
322.72
395.27
372.95
304.88
284.88
278.99
282.72
281.22
276.07
263.31
268.69
265.25
287.57
349.37
372.73
357.65
312.12
270.93
241.73
227.25
212.17
210.98
221.50
228.14
288.82
368.82
342.10
281.88
272.70
268.07
261.65
260.98
261.13
260.53
254.12
287.55
367.63
486.44
506.96
393.60
298.30
268.29
217.50
202.36
207.88
207.50
199.22
220.94
223.47
246.53
257.20
261.38
258.02
254.81
247.57
239.22
230.19
230.71
240.04
245.78
270.70
290.92
305.25
269.73
261.67
248.69
222.50
220.27
214.75
216.39
223.25
212.88
260.17
305.97
327.68
297.99
275.32
262.49
254.73
243.61
246.37
236.83
231.53
282.10
350.35
431.96
390.63
337.82
274.20
232.65
205.71
199.44
171.40
135.52
95.25
91.07
138.06
110.91
187.43
200.86
201.16
201.01
199.89
194.45
179.53
179.30
171.32
215.93
248.30
264.56
283.05
295.96
275.37
248.30
237.17
213.38
214.27
216.28
215.84
212.41
231.80
248.06
250.74
255.59
260.44
259.99
256.04
255.29
254.84
253.80
254.10
256.78
263.05
267.67
273.64
275.65
275.73
252.16
213.60
204.72
200.32
210.02
201.82
232.54
269.09
327.34
312.27
275.80
255.96
239.11
223.00
208.08
207.34
206.81
203.46
246.56
283.41
332.41
389.24
357.62
302.05
254.17
234.03
221.80
220.61
213.82
224.34
241.56
287.80
341.20
360.30
336.58
294.67
290.19
282.88
278.56
280.05
283.25
282.06
335.39
373.27
401.69
404.82
364.99
302.87
267.37
246.57
246.87
238.67
232.85
238.07
247.32
315.84
424.99
418.36
312.78
283.33
278.11
272.89
268.71
267.30
266.10
266.85
302.86
373.10
497.69
513.79
394.42
332.39
282.88
247.99
238.74
225.17
225.25
219.28
225.02
273.19
312.63
303.01
282.58
260.29
246.12
238.67
227.63
232.70
232.18
238.14
275.80
316.66
412.76
386.30
338.58
286.91
253.13
225.76
224.94
224.19
223.89
226.50
240.89
288.90
327.52
305.68
273.47
259.45
254.46
238.21
232.84
231.57
235.37
240.67
301.73
363.46
444.06
430.71
342.58
275.63
258.56
254.01
237.98
230.08
229.78
223.89
231.12
246.33
261.54
270.56
271.16
271.31
270.78
269.59
267.35
264.97
264.82
264.74
261.91
275.33
316.04
288.90
270.56
260.57
236.12
233.89
223.52
221.06
219.42
219.42
215.92
217.86
233.14
239.63
261.18
263.12
262.37
259.61
248.87
247.68
247.31
258.72
257.30
309.56
351.39
350.35
305.24
279.52
257.37
251.04
245.67
239.03
240.30
243.28
251.26
373.31
516.84
462.19
366.68
340.73
326.12
305.02
293.53
289.14
286.23
324.03
395.31
417.30
500.51
443.32
414.92
356.91
294.06
285.79
262.90
260.29
258.50
260.66
267.74
337.23
423.20
400.31
399.12
379.88
364.00
336.64
335.37
336.19
336.34
358.48
381.90
424.92
472.93
417.91
381.75
344.32
279.53
283.96
265.10
260.40
259.80
263.60
278.30
360.25
493.21
497.61
418.11
393.66
385.53
347.35
333.55
335.57
340.04
364.13
417.00
520.87
596.63
544.96
430.19
378.74
327.51
294.87
265.78
257.28
253.40
256.46
263.92
321.86
391.81
439.39
424.48
387.04
372.94
314.11
295.46
282.78
281.22
279.06
328.13
379.58
462.14
424.55
380.03
335.21
278.91
256.00
246.83
250.18
240.49
254.13
263.16
362.26
382.39
378.82
343.32
308.42
284.78
264.13
259.35
256.97
264.35
270.09
323.63
376.50
390.30
391.42
384.11
358.98
288.74
278.77
243.51
228.45
231.50
225.91
231.20
233.22
244.77
241.20
251.41
233.29
226.95
218.83
212.49
208.99
209.73
222.70
242.98
303.30
351.99
350.42
308.82
276.39
246.19
202.82
199.09
197.37
197.97
193.20
198.42
202.52
204.01
211.54
260.90
228.77
229.14
231.23
225.41
218.70
213.70
209.53
229.44
254.04
272.31
295.80
289.01
278.35
256.13
218.33
201.10
193.57
186.41
191.11
210.12
284.91
343.67
369.47
360.07
328.61
311.76
290.43
284.69
273.80
268.36
280.14
304.52
338.60
459.84
394.52
349.86
303.93
262.77
237.77
209.81
200.94
181.18
179.69
210.48
241.87
303.76
305.47
283.03
245.68
231.51
222.34
232.25
236.36
238.67
248.21
296.45
335.22
378.99
397.85
343.87
304.95
269.01
233.45
216.23
216.23
210.78
214.96
217.05
296.16
319.20
337.69
320.31
281.32
242.85
215.33
218.99
219.43
215.48
215.18
236.21
283.70
300.18
303.24
285.20
263.20
222.71
208.82
193.60
188.68
179.66
183.91
196.44
251.18
295.47
302.71
277.35
248.12
222.61
201.88
202.85
199.05
202.85
217.47
230.89
234.02
236.86
233.43
234.92
232.53
223.43
196.05
191.27
181.73
184.04
191.50
195.30
251.48
285.20
291.46
290.87
279.38
246.63
219.85
210.52
213.36
212.76
217.38
231.78
278.56
280.27
280.57
274.53
260.28
254.16
238.83
223.83
219.65
217.79
219.73
223.76
243.00
261.81
272.55
298.22
298.29
275.98
268.60
261.51
253.38
249.27
249.12
290.83
328.66
348.50
358.20
290.98
283.37
259.49
257.11
243.30
241.44
238.83
238.16
239.35
241.66
247.71
261.14
278.07
270.91
270.01
264.57
240.24
240.99
241.51
255.61
293.22
321.64
369.69
405.43
339.40
317.09
285.53
285.98
254.35
246.44
239.42
242.03
254.87
359.47
473.92
532.42
421.62
363.43
356.86
343.21
337.46
318.14
315.08
310.38
336.79
372.98
454.67
428.86
342.76
301.28
256.29
246.25
242.08
231.26
223.95
223.05
240.44
305.86
335.33
342.64
305.86
268.56
243.20
231.56
231.78
233.50
238.79
254.39
292.28
335.25
358.23
384.86
318.92
267.74
236.48
233.12
225.51
213.50
215.44
223.05
228.57
289.59
317.56
322.63
297.05
270.71
253.18
227.89
214.76
213.94
223.94
218.79
246.62
278.55
295.93
306.59
286.23
246.47
224.54
207.99
202.99
205.38
200.60
209.11
229.33
333.17
375.40
414.41
357.79
327.73
313.10
305.79
263.20
243.80
244.10
244.32
297.66
313.33
330.26
329.52
309.67
274.83
225.22
224.24
211.25
202.30
195.81
201.85
223.94
298.56
328.19
341.17
333.49
246.70
228.64
224.16
222.37
220.58
212.37
214.61
246.77
249.69
379.38
379.53
335.13
313.56
291.03
208.50
203.49
199.38
201.63
203.57
208.35
215.14
302.59
313.27
311.92
272.49
243.00
233.59
215.22
204.46
203.27
209.99
213.87
258.98
210.66
208.50
200.95
190.50
186.91
194.59
181.52
141.57
129.10
118.72
126.94
133.81
142.99
181.00
185.40
156.73
63.54
-0.52
-51.15
-51.00
0.52
190.26
241.93
257.98
199.96
203.17
198.92
182.42
176.29
112.23
48.98
49.28
69.14
128.58
190.41
251.11
327.80
380.44
327.80
327.05
268.36
263.88
265.37
264.33
262.83
264.93
268.29
380.36
380.89
380.51
333.70
307.71
240.73
236.55
212.58
208.03
203.17
207.35
214.45
272.39
292.62
322.34
323.98
236.62
225.72
205.41
197.57
133.51
152.70
186.89
209.00
258.95
287.77
289.79
267.09
248.12
224.23
205.57
202.80
201.61
199.67
206.84
225.35
275.08
372.98
382.46
346.17
243.87
218.26
206.46
201.98
194.81
206.54
221.40
283.07
360.58
390.30
397.02
358.94
337.43
276.28
248.95
232.60
229.84
226.70
234.69
257.61
363.87
386.72
403.22
388.29
374.77
330.79
282.33
271.13
268.82
271.88
290.32
373.36
389.78
533.67
456.46
382.61
359.09
288.30
279.05
269.27
261.65
264.34
266.65
276.88
364.18
399.27
453.48
388.97
369.48
310.04
276.44
258.59
230.74
246.12
253.74
344.46
376.42
425.18
382.47
329.15
287.49
231.56
246.92
218.32
213.84
224.67
238.70
246.10
264.16
335.84
324.05
272.53
235.12
222.95
211.08
209.44
199.36
206.60
209.06
296.12
373.33
373.33
345.85
260.80
247.14
228.18
206.24
210.13
217.74
218.04
223.05
217.59
211.32
214.68
207.89
216.55
207.21
207.59
205.05
195.42
187.05
197.81
203.63
261.28
291.30
305.93
287.49
257.17
249.40
238.88
206.54
203.11
204.45
203.11
189.14
233.80
286.52
365.82
373.36
372.17
373.29
367.91
339.61
323.85
299.66
303.09
311.38
378.44
415.03
457.74
396.51
367.46
319.97
267.25
271.40
264.61
263.12
264.53
271.25
290.82
417.97
486.59
486.73
396.02
395.35
380.04
366.97
350.85
341.51
349.58
371.60
410.35
449.48
404.60
382.13
346.52
280.59
259.23
256.16
247.65
246.38
255.71
260.56
271.84
380.09
425.34
463.49
422.87
385.77
380.62
371.81
375.09
373.45
372.93
361.95
373.23
404.58
445.42
386.29
355.98
296.33
261.68
255.15
245.75
237.39
235.52
239.78
260.53
344.96
375.41
384.52
376.09
363.47
345.78
316.52
283.15
274.71
272.25
263.89
307.71
335.93
291.14
273.14
247.39
228.50
226.11
216.82
208.61
208.23
208.91
215.47
238.09
317.58
361.01
375.49
373.78
352.80
329.44
289.66
266.60
257.20
253.31
274.59
334.37
347.36
360.94
354.45
262.27
253.76
224.43
197.85
182.92
171.72
170.08
171.27
169.71
193.67
205.02
247.88
258.18
230.56
234.29
230.18
218.91
216.82
216.37
202.48
241.01
285.13
326.20
249.37
194.87
177.92
222.87
0.30
8.88
95.49
98.17
104.22
97.65
135.20
172.38
186.34
235.17
238.98
238.16
237.41
236.14
236.29
235.54
236.81
242.19
249.73
254.80
252.56
245.70
238.45
221.73
214.71
203.96
200.30
188.14
185.90
179.18
223.22
338.42
301.09
218.07
210.61
189.70
88.24
96.98
51.51
189.03
198.74
309.01
260.03
262.27
261.52
256.67
251.37
240.40
239.49
233.37
224.26
225.46
224.94
246.44
354.39
380.59
381.11
370.51
349.83
335.35
314.82
306.38
294.81
293.99
320.12
359.84
374.47
410.53
395.07
373.42
336.40
264.58
242.55
231.42
230.98
233.81
216.72
210.52
326.61
386.63
391.18
368.94
368.64
346.24
270.84
265.62
262.93
260.69
259.49
302.12
358.41
385.28
352.06
277.19
258.97
237.40
195.68
197.18
188.89
189.26
197.33
218.83
263.70
320.89
372.70
357.55
349.41
355.46
320.52
282.36
274.30
275.20
301.63
357.85
382.48
411.08
399.65
358.82
340.37
268.25
279.86
260.97
252.24
245.59
243.28
250.07
323.45
364.06
373.69
372.27
361.89
360.77
364.80
350.62
329.94
345.32
343.75
373.61
375.26
399.52
367.42
302.32
267.76
256.42
211.28
240.17
218.60
212.03
220.99
222.48
218.75
235.25
276.46
320.66
298.33
281.46
277.58
272.58
263.09
267.95
284.07
325.43
359.18
388.89
371.42
306.10
298.63
268.02
255.52
216.10
204.82
216.47
250.97
252.76
254.03
255.97
261.57
267.70
272.92
272.70
269.41
266.50
264.56
264.86
243.35
264.78
284.42
323.70
286.81
260.83
264.04
256.79
249.33
248.51
248.06
248.95
202.06
225.73
377.98
421.82
446.98
421.97
396.35
386.42
372.68
364.39
355.21
358.72
364.25
384.56
410.02
461.17
387.77
324.52
292.56
212.36
228.81
208.57
186.69
171.61
164.44
182.96
227.91
314.54
352.40
321.41
299.90
289.22
280.34
275.93
270.33
271.08
270.93
303.34
331.86
374.51
280.04
247.63
212.83
196.40
180.66
176.48
166.17
145.19
163.71
188.36
231.52
330.26
339.89
351.47
318.31
302.40
279.10
269.61
266.25
263.26
250.12
304.19
337.13
384.18
323.16
284.77
255.42
209.72
178.35
171.26
162.60
137.35
141.53
165.81
259.39
343.34
356.56
328.63
287.55
266.64
233.40
254.24
224.06
258.94
197.03
275.97
323.40
356.93
312.05
216.60
212.04
188.44
177.37
166.84
131.82
93.88
108.59
150.49
194.48
288.95
305.01
279.47
253.18
227.11
176.18
171.25
162.59
165.13
177.75
226.89
251.31
260.80
232.94
185.22
171.62
96.64
3.51
0.22
-19.87
0.67
43.32
80.59
145.41
182.53
175.29
171.48
95.22
55.94
75.66
43.54
151.54
184.03
216.07
266.93
314.20
333.47
299.71
247.58
250.87
235.48
234.81
191.64
179.62
180.07
187.61
188.88
252.44
256.24
261.92
267.37
271.33
271.26
262.29
261.40
258.63
255.20
159.00
208.67
260.80
279.32
241.98
129.88
123.30
30.02
-61.62
23.68
69.53
113.30
119.50
183.95
263.41
291.42
375.22
370.44
361.03
358.49
337.95
321.15
295.01
322.86
418.09
448.56
529.59
529.67
396.13
330.03
273.35
253.48
194.18
192.09
186.71
181.26
186.71
223.98
303.29
393.14
412.33
409.27
386.56
378.05
357.74
348.33
332.94
338.92
358.18
396.57
435.63
507.48
412.93
343.32
298.36
242.42
260.01
254.78
253.74
253.81
257.17
264.72
333.14
444.81
474.01
462.06
444.88
433.75
422.85
405.74
388.56
382.21
334.93
386.92
425.69
373.10
336.20
276.89
264.72
247.39
252.89
248.71
245.42
245.05
246.91
233.76
302.57
389.46
416.58
413.59
397.75
381.84
363.83
347.32
347.02
344.56
416.80
440.63
486.73
477.84
406.49
340.60
293.91
265.81
267.52
266.10
264.68
264.98
266.77
271.55
285.37
390.71
486.63
429.55
463.17
313.31
281.34
282.31
277.08
227.85
229.94
280.29
295.91
292.02
261.32
226.28
227.25
224.04
201.98
205.86
189.73
178.52
180.76
187.41
200.85
221.84
246.27
262.48
268.90
272.86
262.93
254.56
248.73
247.02
261.73
287.43
329.26
357.79
292.73
261.88
261.81
247.84
224.03
194.30
201.77
200.95
198.03
196.46
201.92
223.65
237.10
271.69
279.90
286.25
283.12
261.60
231.87
245.02
266.91
301.64
364.17
381.42
351.84
295.97
284.54
268.92
226.64
202.51
196.31
192.65
191.98
197.14
288.64
387.92
391.66
388.15
375.90
375.90
340.41
329.73
337.72
356.40
373.73
404.21
433.42
496.84
389.94
366.18
321.21
278.19
297.27
268.06
258.80
237.88
251.70
270.45
351.06
421.59
457.97
448.26
414.57
393.87
346.28
326.26
328.65
326.18
345.46
387.97
448.26
489.13
395.59
346.21
307.51
272.69
265.36
241.38
234.28
224.79
227.03
260.87
304.05
391.46
446.52
426.72
404.23
382.72
332.29
317.87
313.32
323.18
342.68
378.54
399.60
412.60
342.98
292.55
279.25
257.06
250.93
231.88
224.26
219.70
224.56
245.70
295.45
365.90
404.22
404.22
381.58
350.58
328.24
302.70
283.87
274.76
284.39
298.06
325.33
314.50
267.06
224.63
225.68
194.45
193.63
188.77
188.25
182.42
188.25
210.81
269.38
357.83
384.87
348.71
332.35
297.02
266.32
269.45
259.82
263.93
275.80
327.42
359.40
359.77
284.10
248.09
226.72
190.57
175.85
140.74
148.58
117.88
63.87
118.33
109.21
183.84
219.33
193.63
219.03
216.64
200.20
237.55
237.55
201.70
228.14
276.55
283.64
279.16
267.21
261.83
237.70
200.28
240.61
202.51
67.53
0.37
0.90
41.09
129.08
153.43
187.42
215.51
215.96
208.79
224.10
212.45
209.16
209.16
232.32
271.16
331.97
317.70
308.66
269.37
254.43
222.98
192.88
197.21
198.70
200.94
206.47
208.64
231.35
298.80
362.07
343.10
328.75
321.66
316.21
303.13
323.30
364.76
384.11
410.78
457.39
475.24
428.70
363.71
310.90
300.52
273.03
276.54
273.40
267.65
263.09
262.72
268.92
323.15
399.64
416.90
410.92
385.15
384.40
353.48
356.69
390.68
410.92
427.28
466.42
494.36
453.80
402.70
342.94
305.59
288.49
283.27
280.88
278.94
276.25
270.05
285.74
348.64
404.29
430.29
406.16
376.43
365.45
353.42
346.40
373.14
403.62
419.61
459.95
498.27
448.22
400.33
333.25
312.18
279.91
270.43
261.32
253.55
247.72
252.95
267.74
313.61
348.72
361.35
337.74
302.70
299.57
294.19
299.94
328.33
356.72
381.59
418.42
414.16
376.14
358.06
322.13
298.82
278.13
268.48
250.18
216.56
202.59
195.50
195.27
287.68
260.86
261.53
261.98
287.30
254.29
268.18
249.73
235.31
235.46
235.98
290.89
284.47
276.47
238.90
224.93
227.77
209.61
235.32
224.64
194.98
186.77
141.87
163.31
194.09
266.70
273.35
283.51
287.10
277.16
226.36
224.12
206.19
208.73
224.12
253.33
294.64
278.73
275.52
208.06
215.23
216.65
156.89
192.01
199.48
199.48
186.78
193.20
250.13
257.23
268.06
275.53
280.84
284.95
289.06
284.57
285.62
287.94
297.05
308.11
319.99
306.61
293.17
279.64
267.91
254.76
199.33
186.33
168.17
166.46
170.71
195.00
265.22
325.44
338.81
336.72
328.50
323.72
311.62
315.73
315.43
316.92
360.03
384.99
361.53
323.05
322.38
283.53
265.22
224.13
197.98
191.56
194.02
186.70
194.55
208.74
290.78
340.08
358.39
354.35
358.46
361.83
350.84
361.15
372.88
373.56
373.85
453.57
469.86
390.74
355.33
323.50
307.88
288.76
301.83
298.77
298.62
300.33
306.54
301.68
340.90
416.66
445.87
425.25
424.35
421.66
406.57
416.88
427.94
428.76
453.56
569.66
650.87
485.62
406.95
355.02
333.13
301.08
313.56
307.36
303.92
306.09
314.60
318.19
327.98
402.69
395.89
374.82
366.90
357.79
338.88
343.96
349.12
349.87
363.69
382.29
360.03
349.05
336.05
282.40
280.54
263.95
245.07
245.89
239.61
237.74
247.98
263.15
336.59
386.87
405.85
415.56
410.48
403.09
391.81
392.40
396.06
389.94
405.70
496.63
448.14
388.29
350.71
327.48
330.84
293.93
318.54
297.25
290.00
293.21
270.50
295.08
295.68
310.55
313.99
333.04
329.90
317.95
309.50
298.97
298.59
311.37
327.36
373.24
381.09
362.03
319.44
301.58
296.35
274.01
280.72
263.76
262.49
255.69
253.00
261.59
266.00
290.96
298.65
301.94
305.75
306.35
308.81
305.45
306.12
308.96
346.77
389.81
396.68
392.35
381.14
351.18
330.63
297.98
266.45
268.76
269.21
259.65
260.02
273.32
324.43
356.33
381.07
372.47
358.65
353.35
338.25
340.72
329.59
333.40
334.59
358.58
339.15
301.57
263.46
245.08
239.47
194.94
230.89
235.00
229.18
217.44
241.36
263.77
302.03
327.81
328.71
321.31
316.90
314.06
302.63
316.60
324.22
328.63
372.49
431.82
373.62
320.11
310.47
305.99
293.36
274.53
254.05
260.25
261.60
261.60
262.49
269.44
304.19
356.42
389.15
385.26
374.50
378.01
365.91
411.86
418.29
436.52
474.55
502.13
419.11
395.57
345.36
320.63
309.87
286.03
280.95
282.82
272.81
264.29
267.28
285.28
338.56
401.25
390.94
366.88
352.98
358.29
363.44
378.24
401.25
404.39
419.56
442.27
372.11
336.99
318.98
314.20
288.80
264.36
242.09
239.84
224.15
246.57
189.86
225.05
254.79
296.85
305.30
264.50
267.19
260.39
269.96
296.48
313.82
319.42
325.77
330.78
324.35
316.80
310.45
308.96
299.17
287.37
276.30
276.98
272.94
277.87
278.84
280.11
287.06
291.47
317.32
322.25
310.15
313.06
291.17
290.95
299.76
300.29
308.21
317.32
315.31
293.79
276.45
255.76
256.28
222.13
217.14
231.34
236.04
240.83
245.53
252.18
242.77
253.15
275.35
289.99
296.79
304.56
300.00
293.28
291.86
298.81
307.48
339.53
326.31
313.23
305.24
298.66
261.97
241.35
185.01
207.95
196.59
210.41
221.77
255.70
308.90
322.35
331.76
346.48
361.50
372.04
364.71
385.41
372.11
395.05
410.97
410.52
326.31
310.99
294.33
263.77
253.23
245.08
241.36
245.09
240.61
239.12
239.12
263.03
286.64
323.70
335.21
313.77
311.60
312.12
313.54
358.45
403.14
461.87
526.28
598.54
568.57
534.50
440.65
350.83
303.60
293.52
289.69
291.11
289.54
292.15
295.14
304.78
386.82
452.20
514.81
492.62
455.94
453.39
441.74
441.22
446.97
453.47
472.90
530.88
474.47
417.68
363.58
325.40
299.55
288.49
287.32
280.90
276.86
281.49
286.87
298.61
340.68
433.26
436.40
440.36
442.08
441.71
420.56
434.08
428.33
426.24
438.64
473.61
396.87
371.99
325.43
300.32
292.70
277.23
257.45
257.82
255.58
257.82
264.55
278.30
300.64
343.39
385.46
372.91
363.87
352.95
337.04
343.09
366.41
369.92
366.48
387.93
333.67
300.94
295.64
293.47
286.37
265.22
256.76
254.37
249.89
247.87
224.41
180.62
242.04
210.28
252.28
227.47
226.50
227.54
223.43
228.81
242.12
255.94
291.51
302.12
299.06
265.88
225.60
210.58
221.19
203.33
98.23
143.58
99.20
111.23
76.12
56.55
142.60
190.34
227.46
256.30
280.50
297.38
297.38
297.01
299.18
303.88
308.89
309.41
305.98
307.47
305.68
303.51
300.52
293.50
285.28
271.16
269.07
264.44
264.29
282.67
373.51
451.34
436.03
436.40
428.04
435.21
439.02
437.75
426.17
442.45
436.25
473.98
443.43
433.79
402.86
374.77
346.31
310.61
291.92
287.13
270.47
268.31
268.83
284.00
337.79
399.28
409.37
407.80
409.37
403.84
395.32
392.93
395.92
391.06
391.74
407.58
407.35
395.25
354.98
325.24
315.90
281.98
270.49
271.31
266.90
268.25
236.49
260.03
313.38
378.69
377.64
346.11
328.32
328.25
329.67
327.80
322.87
324.36
326.61
348.20
324.14
292.16
307.70
304.19
298.96
286.11
283.16
272.18
268.89
270.31
281.81
298.92
306.47
319.99
322.01
319.24
319.77
317.68
323.43
321.41
317.00
314.39
314.31
313.87
310.65
305.80
302.06
297.95
212.63
188.05
178.93
158.91
88.08
106.09
205.90
205.45
297.79
336.79
342.84
318.93
316.92
315.94
311.16
315.42
317.36
355.32
328.05
394.09
403.65
367.05
315.79
309.37
315.57
293.46
271.13
268.66
268.89
264.41
264.41
269.19
273.15
291.90
315.96
338.82
328.73
319.02
310.05
304.60
307.37
321.41
364.30
395.23
396.72
373.63
353.76
316.93
313.34
299.82
288.01
276.96
270.91
268.44
267.92
268.37
269.93
276.73
289.43
314.69
334.49
358.62
359.74
341.88
333.96
336.05
357.05
376.92
391.49
374.31
325.00
314.31
298.10
282.64
269.19
275.91
264.48
257.46
264.48
271.20
334.11
395.75
407.78
404.12
342.93
325.67
313.49
320.29
366.09
395.60
402.92
427.58
412.26
414.65
406.66
368.55
335.38
303.18
300.26
296.90
295.10
287.63
295.03
319.83
411.43
502.65
571.31
530.44
451.92
443.11
412.70
367.72
367.27
367.05
367.42
417.18
362.87
317.44
308.63
303.85
293.09
276.80
261.51
261.51
263.30
265.84
271.15
280.26
318.97
398.99
409.15
384.57
346.24
336.15
327.34
358.57
401.16
425.14
457.19
527.50
448.75
362.53
302.23
298.94
303.58
280.71
270.17
266.95
267.92
267.10
265.68
268.97
277.49
360.87
404.13
373.57
308.64
305.28
303.41
302.74
301.70
309.09
315.52
317.01
301.92
285.03
270.76
260.68
244.99
186.34
188.13
187.01
140.24
101.61
143.00
187.98
229.14
290.33
300.72
283.61
290.78
290.63
277.04
282.34
280.92
264.19
294.37
299.37
282.42
277.78
262.24
264.48
252.46
120.29
108.71
31.08
0.45
-20.02
-20.25
0.52
99.37
199.49
211.30
269.43
260.01
272.71
261.58
247.09
264.27
284.14
291.69
308.50
318.89
298.64
262.78
261.88
258.22
238.94
191.65
132.78
0.75
-20.47
-90.86
-112.45
-112.53
-112.38
-100.05
-90.71
-82.19
-66.95
-51.33
-15.02
-0.60
2.62
30.86
113.80
104.61
90.26
3.29
0.52
3.66
-50.96
-82.94
-112.83
-120.22
-112.00
-95.34
-43.71
203.46
288.19
298.80
297.16
295.74
296.86
298.20
298.35
298.65
295.74
300.15
303.96
293.05
283.56
217.43
193.45
189.11
105.20
194.43
192.33
228.35
235.00
235.45
265.34
344.54
396.77
421.28
410.45
381.08
372.86
353.73
351.12
349.92
345.37
339.31
352.76
275.50
271.24
263.17
246.73
222.52
178.06
133.39
17.93
0.67
2.54
153.71
193.69
241.44
283.36
306.00
313.10
329.92
352.78
370.94
387.23
383.27
387.01
395.00
450.07
421.16
399.49
352.86
334.03
281.19
277.76
276.50
267.76
261.70
258.94
262.90
276.35
366.18
430.74
460.34
449.13
403.54
371.33
366.18
351.31
352.65
365.28
356.91
389.57
351.60
301.61
287.56
270.00
262.08
256.10
215.67
212.38
174.42
84.22
121.44
187.20
245.34
295.93
320.89
296.75
290.77
287.79
288.68
288.08
284.57
288.76
293.32
296.98
312.75
287.79
288.76
272.84
261.85
253.78
257.00
243.77
237.87
190.56
163.81
150.06
166.27
210.36
255.50
263.50
263.80
262.00
265.14
265.22
265.59
269.18
271.64
273.89
267.31
261.03
253.48
116.88
135.63
32.81
2.39
11.36
17.19
29.14
16.44
117.32
201.32
228.44
217.46
249.89
224.56
186.89
147.14
74.58
74.80
155.58
203.11
250.41
234.35
266.26
256.24
217.46
245.11
222.91
220.15
225.53
230.98
220.37
218.13
237.41
290.47
373.71
332.02
313.86
307.88
305.11
307.13
308.40
309.45
345.32
345.77
386.19
378.95
345.09
315.13
299.66
284.56
269.02
244.45
259.10
259.02
261.04
269.48
233.69
267.09
330.09
369.92
316.49
300.05
285.70
290.56
291.83
295.94
317.76
318.13
320.08
289.89
274.57
255.58
249.53
238.40
224.94
253.56
189.74
196.91
194.60
212.16
225.61
270.45
314.24
354.59
307.81
303.63
300.27
298.02
297.43
348.99
349.36
376.56
404.96
381.12
346.00
327.69
292.57
268.28
240.56
217.27
197.32
207.03
185.29
194.03
203.52
235.79
298.85
320.89
296.01
282.86
281.59
275.47
279.50
283.98
289.29
295.04
301.17
298.18
291.01
266.65
262.17
255.07
227.13
198.46
193.91
174.10
142.05
183.74
193.08
254.81
280.66
284.92
284.32
283.50
283.50
282.23
280.88
280.14
247.11
279.91
279.84
280.06
276.48
254.13
261.23
239.11
223.42
204.74
205.49
74.72
230.37
236.65
228.65
223.42
253.54
233.36
268.26
269.00
271.39
270.72
268.63
270.57
276.40
294.33
315.33
282.15
275.88
238.96
225.66
216.70
216.70
137.72
179.34
135.25
212.97
205.49
171.87
216.70
252.35
261.69
270.65
277.60
280.97
280.52
277.08
278.95
277.16
291.50
298.90
289.04
276.48
259.82
264.83
260.27
252.50
179.34
230.23
224.18
225.37
186.81
81.30
270.21
273.72
278.95
280.67
279.47
278.72
268.56
260.79
268.26
279.62
277.83
298.90
305.85
290.68
268.86
258.77
247.64
242.11
252.57
249.28
241.51
202.43
81.22
93.55
224.25
263.33
263.18
276.48
250.70
276.48
268.48
274.98
275.36
278.35
287.84
300.39
278.05
259.67
264.60
265.57
265.20
258.17
251.73
247.10
240.82
239.25
246.13
257.78
259.05
260.40
266.83
269.14
265.41
266.68
271.16
270.41
261.22
272.28
277.88
279.23
279.08
271.46
260.40
258.76
256.21
244.71
249.86
246.05
238.13
235.82
239.18
253.08
256.96
263.91
268.02
271.53
270.41
273.40
274.00
261.22
275.19
287.90
297.01
317.93
318.61
305.75
278.26
274.82
272.35
259.65
247.40
246.05
239.10
240.52
247.62
265.85
247.77
290.59
288.05
298.88
298.88
300.15
300.00
301.94
314.20
337.21
347.67
368.97
335.34
328.69
295.29
274.00
264.36
250.84
250.09
241.42
232.16
230.22
228.05
227.53
236.05
236.27
258.53
275.04
266.00
261.82
259.20
252.33
260.77
267.87
281.84
279.97
270.85
265.55
261.22
262.49
259.58
225.36
228.57
209.89
201.08
170.68
156.64
159.18
169.71
187.48
205.56
224.38
228.57
231.03
239.25
228.64
230.06
245.45
252.02
253.89
249.11
243.06
229.99
224.23
190.92
155.81
82.69
88.44
46.01
10.46
35.93
122.72
200.93
226.92
239.32
238.28
217.06
201.23
226.33
228.64
235.51
251.05
256.95
258.44
257.17
235.89
229.16
221.62
221.69
181.73
172.10
161.27
95.91
37.12
73.28
137.21
175.53
202.95
230.21
241.12
234.92
238.65
247.54
249.33
252.02
256.43
261.51
268.75
265.02
252.84
250.53
247.76
246.79
241.12
